3 2487356 1753919 1742914 4363531 2065982 3900418 1203058 1973172 3468754
3 2199308 2516374 1819714 2247734 572617 1681602 2905462 3788976 1428618
3 2511051 2479515 134872 3693418 1668819 2927745 60749 2065982 1088593
3 75905 2199308 2029283 349313 1121898 3069569 2035402 3257603 27649
3 2029283 349313 3162696 629969 2899646 3169818 1412201 2301062 4265374
10 4322739 1489335 1882418 3034938 2322177 793591 3271157 82318 1438302
10 3419784 4254531 1741584 4237869 1542775 1743778 3338791 676284 6128
10 4003280 736341 3151653 1695563 4136860 2978484 1638116 756086 1691046
10 1763573 516240 3186074 2785087 4016935 602819 3489689 88 448896
10 4233564 2626278 1305287 427078 581824 2807517 110308 700979 648719
24 3121920 3397988 173170 2624707 3565028 4371218 1353454 1021778 3036129
24 3342012 2633932 4121129 3529656 587161 2661325 1689856 600599 1712252
24 1118396 250717 1215023 420051 3153460 1482822 89375 2695154 662968
24 1197359 4353804 2116516 8499 1728854 604053 1546958 369757 425443
24 1118396 531671 3771588 221986 4197284 1452703 559336 89308 3490989
43 2884959 3931592 100644 3329623 367779 3643783 4008529 1880066 1541105
43 2505888 683460 2118140 2805527 4002542 1187255 725392 3199736 1704890
43 2507404 4268319 179754 1911939 744182 2708792 931315 3761017 1435762
43 1326212 80315 3727850 3006218 1006606 3318930 3634711 4088020 2427415
43 2630599 795764 273101 3093422 702038 3591434 2712574 4297503 4217732
56 1173179 1169305 1467385 3690991 3480395 87183 1257480 2307237 2121225
56 514238 970033 1169305 2802730 2608482 3162110 1505765 4356096 3192688
56 1173179 2918532 3661327 1070786 413160 2389363 2808809 1968318 982835
56 692981 3144065 2037531 3477028 3580964 3027156 3566836 106 3696379
56 1024332 4362342 1546641 970033 3442977 4235539 1295796 3225912 3731840
72 4013935 626640 1131243 2902364 1558705 1878588 854709 3184170 2062548
72 4013935 246798 854496 2860193 2372536 2492985 2225815 762879 1829698
72 1649486 2457869 3492459 4176217 3471795 3140756 820699 4089215 1833712
72 2510550 2507813 3554772 3567620 961128 1818922 3383489 364278 4036050
72 715681 3752788 2992018 2100896 741167 1264010 1648950 1931323 3210956
73 1829962 2415085 28768 3507725 4238911 178688 3143351 3403774 4329982
73 1001891 1047033 3675311 1689614 1310772 516209 1257919 730937 435741
73 3309388 4359010 2486085 3100010 349829 293561 1919674 1092581 2115952
73 89126 1528864 3327703 2297142 683479 28470 2567659 4392698 58490
73 1528864 865628 1064765 661850 363448 1975885 863885 1165483 4292898
86 680197 493387 1965699 777314 394187 4186124 1994644 1620834 2689557
86 2979314 299642 3209701 1983395 3242339 949198 3607862 1465890 355576
86 299642 3780312 901037 4298076 4296034 2080058 3080925 3963170 1453461
86 424518 2979314 88199 4291716 2307966 218595 2575168 4020710 1304234
86 1081837 1966797 2171271 1303196 2824093 1665786 3592830 4197278 1121568
88 2589098 2142730 2985443 3440634 785963 2470818 59325 3663098 41536
88 704204 900717 3871069 1019227 3865682 1095001 222250 1294073 3396517
88 2964252 180832 1023396 4277686 4149360 2498965 1091177 1364185 3064775
88 829626 286137 869370 24335 207916 2945903 2273317 3401722 1129135
88 829626 370109 2567674 4071770 1772615 4001311 365527 2870960 2556607
97 3235059 3967724 1719218 4157371 2373977 1752445 1683185 3965215 3880066
97 3235059 2392954 270667 4257273 2610029 714897 2783335 2520329 1905227
97 2392954 2990542 2404287 1375030 1535140 2376928 1200005 2300777 3344650
97 2990542 808313 2666365 3050183 3805147 1907210 2661545 46151 4149736
97 125154 1905453 2427674 3807442 373612 3914550 466124 909624 859485
106 1732894 56535 1261070 1078231 1794657 3267345 616611 3687231 3013611
106 3904643 403753 161722 2239276 3476004 3006780 3241766 1985460 2031581
106 3904643 403753 1479600 3185055 67450 2435289 3354413 3834795 194425
106 999733 2025617 2936531 3844817 1916005 3400688 1247200 359431 2093065
106 999733 3873842 3186562 114481 304178 3560050 752843 3144721 2805548
108 798991 3564534 1473879 2513407 1959454 3742851 199422 3831919 302751
108 2063387 2426152 697772 2873139 1817341 3732142 758085 3845486 3325675
108 4086537 992555 3711935 2380384 3311000 481645 3253104 313287 846066
108 4154258 3140746 2323325 3469352 422317 2619369 951532 435163 1671736
108 668306 2738632 1924593 2986468 337365 202916 1370515 2996282 1113669
112 4270827 3731283 208358 80801 1278547 1041155 693735 2255464 2767600
112 1993885 1834343 3820106 834574 1688051 4001108 72469 3304412 2689585
112 2669970 3175172 4109039 1605369 4347669 4337698 2410096 2697833 2959511
112 1862567 2111902 3902413 936559 2809655 2583371 3044496 1368694 2742538
112 2311236 3805854 3938580 2669970 2821656 947834 3885858 1058509 1240275
115 2524743 2670037 2742393 800039 812571 2028675 3916744 1331805 1703483
115 4085809 58827 1278354 3918812 1852870 4394189 2929253 1294190 1037044
115 175136 1635220 2379877 3836463 2753478 3220046 1775580 4118617 239731
115 175136 1809120 1196062 4256350 1723805 3431577 1466223 1294190 2720588
115 2524743 4112500 1188830 3003876 1021007 1378609 2517502 404583 4210664
128 957989 1265323 306716 4071162 1919674 890106 3852660 916563 14988
128 4158263 2788334 2764477 1774570 3181541 3025787 3697171 2556385 1333444
128 4334822 2788334 2352306 264933 1812991 2651909 1507077 292536 3293652
128 957989 4061544 2073234 3594953 1087109 857844 3909203 1240219 2913810
128 2983016 3208112 514769 3291644 67086 3108662 3024162 1873084 1114960
143 3564377 4203420 3141077 361266 3030190 2868940 2371491 418494 3196577
143 2505457 2025869 3137174 3589238 1449387 3520374 599758 1365451 765635
143 1156410 4235188 1662739 677935 4191315 46133 3068797 4299461 4043558
143 3446967 2243611 1298811 3960959 819745 3719859 21037 3477341 2466433
143 3701354 3749952 2648236 4348528 794915 3586111 3551485 993838 4221041
148 3756878 3348008 3807049 4311567 1432340 3992026 3377505 1540877 3496596
148 508929 3066662 4149896 4059904 126275 441782 1868925 2636531 3676346
148 1381394 563851 3324525 4275169 616611 3153396 413520 2557939 110723
148 1126364 930203 996861 601199 298695 1137673 1663199 3359385 310368
148 1133497 2738979 3016328 626105 2160949 3254516 1924250 1208446 3822762
151 3720607 2320806 2748008 4206308 2272265 1326654 2812669 3113508 2372252
151 363717 366037 2368903 1956009 874213 3152050 3609455 2737798 3013710
151 169315 3857229 1532280 2613397 2135341 2680918 256666 1755886 671544
151 700290 3716863 830621 3582093 2506397 3479464 974463 1053554 120778
151 3678385 3994042 2572891 1672501 3600358 3300038 1819992 2710262 1394221
171 2372365 1802664 3353072 1946574 1134582 3423071 2267851 3516880 1094245
171 1252008 2585170 1632576 2215759 2781634 1326126 2068481 195516 3101763
171 1623556 1314335 467639 830972 1634572 3016334 452691 663125 4267148
171 693815 2243118 1591587 884549 2205219 3625675 729253 1949862 2564174
171 1623556 467639 1731807 2432881
173 2334738 2025344 3650740 1003729 3382418 1923662 3572489 1198272 658115
173 345924 2219103 2028800 2783416 746772 3508156 1317946 2485226 1227719
173 345924 2219103 596675 425463 2159300 2149010 2680774 1830201 2763008
173 3261339 1892582 3370538 89369 1378145 3774718 3139396 315724 3892397
173 3046510 4115578 1855961 685169 2907386 4099872 947905 2388063 107700
